%% przeklejac do fpida

% 2 reg lok
K = [.04 .02];
Ti = [4 4];
Td = [.5 .5];

% 3 reg lok
K = [.043 .033 .02];
Ti = [4 4 4];
Td = [.5 .5 .5];

% 4 reg lok
K = [.045 .036 .03 .02];
Ti = [4 4 4 4];
Td = [.5 .5 .5 .5];

% 5 reg lok
K = [.047 .038 .032 .027 .023];
Ti = [4 4 4 4 4];
Td = [.5 .5 .5 .5 .5];